1366479099
9607099489
607040981
9607095948
9607089609
1E000000007982321
1E000000007982323
1E000000007982324
1E000000007985332
1E000000007985335
9607624974
1E000000007985334
1E000000007982322
1E000000007985331
1E000000007985333
1E000000007985330
9607908379
9607907690
1E000000007994570
2021021311500671
1E000000008007655
1E000000008003642
9608338509
608471905
1E000000008007656
2021021712100797
608800418
9E000000008023187
9E000000008023546
9E000000008023545
9E000000008023544
9E000000008023541
1E000000008023543
9E000000008023547
9E000000008023188
9E000000008023561
9E000000008023560
9E000000008023559
9E000000008023558
9E000000008023557
9E000000008023556
9E000000008023555
9E000000008023554
9E000000008023553
9E000000008023552
9E000000008023551
9E000000008023550
9E000000008023548
9E000000008019292
9E000000008019291
9E000000008019290
9E000000008019289
9E000000008019286
9609193401
1E000000008023542
1E000000008019287
1E000000008019288
1E000000008023549
9610166363
1E000000008045781
1E000000008045782
1E000000008045779
1E000000008045780
1609872921
2021021016101828
2021021010701243
2021021015801029
2021021016101517
2021021113200065
2021021212800143
2021021212100301
2021021215700830
2021021213600981
2021021317000340
2021021311700584
2021021412800753
2021021715001604
2021021715001288
2021021414600250
2021021415700367
2021021411300521
2021021412800588
2021021710200182
2021021713300703
2021021810901458
607042258
607042261
607042267
12163893
607040978
607042265
607042260
607042264
607042266
607042263
607040979
607041620
607040980
607503158
607502522
607503155
607502520
607502519
607502521
607503154
607502518
607503157
607503156
607503153
608068398
12185108
608068393
608068396
608068395
608068380
608068391
608068386
608068381
608068384
608067682
608067684
608068392
608067681
608068389
608067686
608068382
608067689
608067683
608068383
608068385
608067685
608068387
608067688
608068388
608067687
608472545
608471907
608472541
608472537
608472540
608472538
608472544
608471903
608472536
608471900
608480886
608471901
608471899
608472543
608472535
608471898
608471902
608801041
608801033
608800417
12201849
608801036
608800415
608801039
608801037
608801058
608801035
608800416
608801040
609664577
609664566
609664568
609665214
609665213
609665216
609664575
609664573
12214894
609664569
609664574
609664572